---------------------------------------------------------------------------
42 10 00 11 02 C0 48 04
---------------------------------------------------------------------------
42	0100	0010	
10	0100	0010	
00	0100	0010	
11	0100	0010	
02	0100	0010	
C0	0100	0010	
48	0100	0010	
04	0100	0010

System.out.println("Hexadecimal = " + hexadecimal + " " + nibble1 + " " + nibble2);

0100001000010000000000000001000100000010110000000100100000000100

0100001000010000000000000001000100000010110000000100100000000100

---------------------------------------------------------------------------
		2^0	2^1	2^2	2^3	2^4	2^5	2^6	2^7	 
---------------------------------------------------------------------------
		1	2	4	8	16	32	64	128	 
---------------------------------------------------------------------------
42	66	0	1	0	0	0	0	1	0	2	7

10	16	0	0	0	0	1	0	0	0	12

00	00	0	0	0	0	0	0	0	0

11	17	1	0	0	0	1	0	0	0	28	32

02	02	0	1	0	0	0	0	0	0	39

C0	192	0	0	0	0	0	0	1	1	41	42

48	72	0	0	0	1	0	0	1	0	50	53	

04	04	0	0	1	0	0	0	0	0	62
---------------------------------------------------------------------------
2, 7, 12, 28, 32, 39, 41, 42, 50, 53, 62
---------------------------------------------------------------------------